40 30
1111111111111111111111111111111111111111
1111111111111111111111111100000000000001
1111111111111111111111111100000000000001
1111111111000000001000001100000000000001
1111111111000000001000001100000000000001
1111111111000000000000001100000000000001
1111111111000000000000001100000000000001
1111111111000000001000001100000000000001
1111111111000000001000001100000000000001
1111111111111100111100111100000000000001
1000000001000000000000000111100001111111
1000000001000000000000000100000000000111
1000000001000000000000000100000000000111
1000000001000000000000000000000000000111
1000000000000000000000000000000000000111
1000000000000000000000000000000000000111
1000000001000000000000000000000000000111
1000000001000000000000000100000000000111
1000000001000000000000000100000000000111
1000000001000000000000000111100001111111
1111111111111100111100111100000000000001
1111111111000000001000001100000000000001
1111111111000000001000001100000000000001
1111111111000000000000001100000000000001
1111111111000000000000001100000000000001
1111111111000000001000001100000000000001
1111111111000000001000001100000000000001
1111111111111111111111111100000000000001
1111111111111111111111111100000000000001
1111111111111111111111111111111111111111
4
models/textured/ArmadilloJade.ply
models/bunny.ply
models/dragon.ply
models/room/Base.ply

24

0   10.0 0.0 -10.0   1.0 1.0 1.0   0.0 45.0 0.0
0   13.0 0.0 -10.0   1.0 1.0 1.0   0.0 0.0 0.0
0   16.0 0.0 -10.0   1.0 1.0 1.0   0.0 -45.0 0.0
0   11.5 0.0 -7.0    1.0 1.0 1.0   0.0 90.0 0.0
0   14.5 0.0 -7.0    1.0 1.0 1.0   0.0 0.0 0.0
0   10.0 0.0 -6.0    1.0 1.0 1.0   0.0 180.0 0.0
0   15.0 0.0 -6.0    1.0 1.0 1.0   0.0 270.0 0.0

2   12.0 0.0 0.0     3.0 3.0 3.0   0.0 180.0 0.0

1   18.0 0.0 13.0    1.0 1.0 1.0   0.0   -90.0 0.0
1   18.0 0.0 12.0    1.0 1.0 1.0   0.0   -90.0 0.0
1   18.0 0.0 11.0    1.0 1.0 1.0   0.0   -90.0 0.0
1   17.0 0.0 13.0    1.0 1.0 1.0   0.0   -90.0 0.0
1   17.0 0.0 12.0    1.0 1.0 1.0   0.0   -90.0 0.0
1   17.0 0.0 11.0    1.0 1.0 1.0   0.0   -90.0 0.0
1   16.0 0.0 13.0    1.0 1.0 1.0   0.0   -90.0 0.0
1   16.0 0.0 12.0    1.0 1.0 1.0   0.0   -90.0 0.0
1   16.0 0.0 11.0    1.0 1.0 1.0   0.0   -90.0 0.0
1   15.0 0.0 13.0    1.0 1.0 1.0   0.0   -90.0 0.0
1   15.0 0.0 12.0    1.0 1.0 1.0   0.0   -90.0 0.0
1   15.0 0.0 11.0    1.0 1.0 1.0   0.0   -90.0 0.0
1   14.0 0.0 13.0    1.0 1.0 1.0   0.0   -90.0 0.0
1   14.0 0.0 12.0    1.0 1.0 1.0   0.0   -90.0 0.0
1   14.0 0.0 11.0    1.0 1.0 1.0   0.0   -90.0 0.0


3   5.0 0.0 0.0    1.0 1.0 1.0   0.0 0.0 0.0
